  &FCI NORB= 10,NELEC= 10,MS2=  0,
  ORBSYM= 1, 1, 1, 1, 1, 1, 1, 1, 1, 1,
  ISYM=0
 &END
    0.93243764898        1    1    1    1
   -0.99531307627E-03    2    1    1    1
    0.28202315137E-01    2    1    2    1
    0.83477887721        2    2    1    1
   -0.83995689976E-03    2    2    2    1
    0.85320145699        2    2    2    2
    0.47090218581E-03    3    1    1    1
    0.53250910187E-02    3    1    2    1
   -0.53820243203E-02    3    1    2    2
    0.25776686337E-01    3    1    3    1
   -0.20876604483E-01    3    2    1    1
    0.29373124601E-02    3    2    2    1
   -0.10037550204E-01    3    2    2    2
   -0.23708031073E-04    3    2    3    1
    0.33766370552E-01    3    2    3    2
    0.84795776884        3    3    1    1
   -0.10703701103E-02    3    3    2    1
    0.79226591973        3    3    2    2
    0.34739609091E-03    3    3    3    1
   -0.95453653149E-02    3    3    3    2
    0.86890335372        3    3    3    3
    0.10332726853E-03    4    1    1    1
    0.33732327369E-02    4    1    2    1
   -0.13513246845E-01    4    1    2    2
    0.43836222156E-02    4    1    3    1
    0.55671892998E-02    4    1    3    2
    0.13523933260E-01    4    1    3    3
    0.33762952313E-01    4    1    4    1
   -0.26138148110E-02    4    2    1    1
    0.69337489496E-02    4    2    2    1
    0.36671907655E-02    4    2    2    2
    0.25990257322E-02    4    2    3    1
   -0.38006108433E-04    4    2    3    2
    0.25112403645E-02    4    2    3    3
    0.22237089070E-03    4    2    4    1
    0.31618283482E-01    4    2    4    2
   -0.81610231372E-02    4    3    1    1
   -0.82004176345E-02    4    3    2    1
    0.39840224079E-03    4    3    2    2
   -0.68936558199E-02    4    3    3    1
    0.11533588187E-03    4    3    3    2
    0.29664968318E-03    4    3    3    3
   -0.32365141137E-02    4    3    4    1
   -0.68816192170E-03    4    3    4    2
    0.32209382629E-01    4    3    4    3
    0.82346873216        4    4    1    1
   -0.10852305809E-02    4    4    2    1
    0.78748401978        4    4    2    2
    0.65859773389E-02    4    4    3    1
   -0.11063054525E-01    4    4    3    2
    0.79605451621        4    4    3    3
    0.14329085610E-03    4    4    4    1
    0.37010376558E-02    4    4    4    2
    0.95676494687E-04    4    4    4    3
    0.85232340196        4    4    4    4
    0.62241022685E-03    5    1    1    1
   -0.79646956906E-03    5    1    2    1
    0.37730743771E-02    5    1    2    2
    0.11421057864E-02    5    1    3    1
    0.86872032768E-02    5    1    3    2
   -0.61539622567E-02    5    1    3    3
   -0.17852305299E-03    5    1    4    1
   -0.12155384426E-01    5    1    4    2
   -0.61998460840E-02    5    1    4    3
    0.33934254435E-02    5    1    4    4
    0.41200319633E-01    5    1    5    1
    0.90448516232E-03    5    2    1    1
   -0.16648698775E-02    5    2    2    1
   -0.61378655473E-03    5    2    2    2
   -0.45519462223E-02    5    2    3    1
    0.56559706932E-02    5    2    3    2
    0.89823492278E-02    5    2    3    3
    0.54318944966E-02    5    2    4    1
   -0.19726710540E-02    5    2    4    2
    0.30864684707E-02    5    2    4    3
   -0.11568236797E-01    5    2    4    4
   -0.32155685968E-03    5    2    5    1
    0.29313227880E-01    5    2    5    2
   -0.14409298200E-02    5    3    1    1
   -0.43434324840E-02    5    3    2    1
   -0.10468955441E-01    5    3    2    2
    0.34392059337E-02    5    3    3    1
   -0.48642343682E-02    5    3    3    2
    0.83425285298E-03    5    3    3    3
    0.26161758996E-02    5    3    4    1
   -0.37181484007E-02    5    3    4    2
    0.21746558265E-02    5    3    4    3
    0.13956149084E-01    5    3    4    4
    0.31361413900E-03    5    3    5    1
   -0.66277379954E-02    5    3    5    2
    0.32694441498E-01    5    3    5    3
    0.62064620162E-03    5    4    1    1
    0.71640362916E-02    5    4    2    1
    0.40521193263E-02    5    4    2    2
    0.38195288049E-02    5    4    3    1
    0.71037300402E-03    5    4    3    2
   -0.40033691536E-02    5    4    3    3
   -0.15439248553E-02    5    4    4    1
    0.54589995059E-02    5    4    4    2
   -0.65977076371E-02    5    4    4    3
    0.22810573310E-03    5    4    4    4
   -0.62046286730E-04    5    4    5    1
   -0.32343200112E-02    5    4    5    2
   -0.42487897677E-02    5    4    5    3
    0.25398063428E-01    5    4    5    4
    0.84365011869        5    5    1    1
   -0.18534135163E-03    5    5    2    1
    0.82659261819        5    5    2    2
   -0.40709548900E-03    5    5    3    1
    0.24744485841E-02    5    5    3    2
    0.82832593254        5    5    3    3
    0.26097435732E-03    5    5    4    1
    0.99096106237E-02    5    5    4    2
    0.84328076081E-02    5    5    4    3
    0.83363155939        5    5    4    4
    0.60459420599E-03    5    5    5    1
   -0.61039650882E-03    5    5    5    2
    0.76784481954E-03    5    5    5    3
    0.26506682612E-03    5    5    5    4
    0.91973481103        5    5    5    5
    0.67818922061E-02    6    1    1    1
    0.15755970979E-04    6    1    2    1
    0.59167864098E-02    6    1    2    2
   -0.39985149362E-04    6    1    3    1
   -0.16293740994E-03    6    1    3    2
    0.60044860555E-02    6    1    3    3
    0.84776950375E-05    6    1    4    1
   -0.57020674508E-04    6    1    4    2
   -0.11728122878E-03    6    1    4    3
    0.56230063060E-02    6    1    4    4
    0.13897680565E-03    6    1    5    1
    0.55254990720E-04    6    1    5    2
   -0.79125884871E-04    6    1    5    3
    0.16368978693E-04    6    1    5    4
    0.60241733382E-02    6    1    5    5
    0.29259717254E-03    6    1    6    1
    0.36709790715E-03    6    2    1    1
    0.95614281371E-04    6    2    2    1
    0.37695373964E-03    6    2    2    2
   -0.70090490443E-04    6    2    3    1
   -0.19127957927E-04    6    2    3    2
    0.32637381442E-03    6    2    3    3
   -0.30285931550E-04    6    2    4    1
   -0.64777631005E-05    6    2    4    2
   -0.58938055875E-05    6    2    4    3
    0.24894914257E-03    6    2    4    4
    0.65646522407E-05    6    2    5    1
    0.78194058971E-04    6    2    5    2
   -0.43327678692E-04    6    2    5    3
   -0.11272532907E-04    6    2    5    4
    0.31871688116E-03    6    2    5    5
    0.37695446194E-05    6    2    6    1
    0.15278617172E-03    6    2    6    2
   -0.66778546791E-03    6    3    1    1
   -0.71707422527E-04    6    3    2    1
   -0.62430737651E-03    6    3    2    2
    0.13727584702E-03    6    3    3    1
    0.10093136985E-04    6    3    3    2
   -0.63426535990E-03    6    3    3    3
   -0.13473782026E-04    6    3    4    1
   -0.17422644382E-05    6    3    4    2
    0.40161674491E-04    6    3    4    3
   -0.48719781872E-03    6    3    4    4
   -0.10575414605E-04    6    3    5    1
   -0.30949778273E-04    6    3    5    2
    0.11327405686E-03    6    3    5    3
   -0.34784707448E-04    6    3    5    4
   -0.58594345028E-03    6    3    5    5
   -0.84643501534E-05    6    3    6    1
    0.66242164407E-04    6    3    6    2
    0.12338091049E-03    6    3    6    3
    0.12430017328E-03    6    4    1    1
   -0.45298304301E-04    6    4    2    1
   -0.35587853850E-05    6    4    2    2
   -0.21342170669E-04    6    4    3    1
    0.41470271641E-04    6    4    3    2
    0.24757921515E-03    6    4    3    3
    0.24985406533E-03    6    4    4    1
   -0.30138467766E-04    6    4    4    2
    0.28064974619E-05    6    4    4    3
    0.91425644542E-04    6    4    4    4
    0.45101693666E-05    6    4    5    1
    0.82170166152E-04    6    4    5    2
    0.31079250865E-04    6    4    5    3
   -0.31943142628E-04    6    4    5    4
    0.11390680969E-03    6    4    5    5
    0.22383353779E-05    6    4    6    1
    0.55250775270E-04    6    4    6    2
    0.45911291930E-04    6    4    6    3
    0.11519701841E-03    6    4    6    4
    0.99472665122E-03    6    5    1    1
   -0.92577481477E-06    6    5    2    1
    0.99246173699E-03    6    5    2    2
    0.37024955039E-05    6    5    3    1
    0.87545201878E-04    6    5    3    2
    0.89812139467E-03    6    5    3    3
   -0.22132336103E-06    6    5    4    1
   -0.94163128311E-04    6    5    4    2
   -0.53462674252E-04    6    5    4    3
    0.93619525827E-03    6    5    4    4
    0.37180320225E-03    6    5    5    1
    0.17448003017E-04    6    5    5    2
   -0.32089747892E-04    6    5    5    3
    0.73348072337E-05    6    5    5    4
    0.10444200639E-02    6    5    5    5
   -0.15892677393E-04    6    5    6    1
   -0.21266957118E-04    6    5    6    2
    0.29390818153E-04    6    5    6    3
   -0.47395649629E-05    6    5    6    4
    0.90152816794E-04    6    5    6    5
    0.19870857953        6    6    1    1
   -0.51326444322E-03    6    6    2    1
    0.19680329093        6    6    2    2
    0.69047677105E-03    6    6    3    1
    0.73940550995E-04    6    6    3    2
    0.19684327338        6    6    3    3
   -0.92881557499E-04    6    6    4    1
    0.12783931476E-03    6    6    4    2
    0.61849766469E-03    6    6    4    3
    0.19993725629        6    6    4    4
    0.11093937772E-02    6    6    5    1
   -0.20215076179E-02    6    6    5    2
    0.28474108198E-02    6    6    5    3
   -0.40099109341E-03    6    6    5    4
    0.20164909317        6    6    5    5
    0.67772994776E-02    6    6    6    1
    0.33884084470E-03    6    6    6    2
   -0.63066356815E-03    6    6    6    3
    0.12283235237E-03    6    6    6    4
    0.11123178752E-02    6    6    6    5
    0.93253168157        6    6    6    6
    0.60314758679E-03    7    1    1    1
    0.78754814459E-04    7    1    2    1
    0.55035736823E-03    7    1    2    2
   -0.10908373055E-03    7    1    3    1
    0.77435466686E-04    7    1    3    2
    0.44592969003E-03    7    1    3    3
    0.18498522335E-04    7    1    4    1
   -0.16241619894E-03    7    1    4    2
   -0.11135619538E-03    7    1    4    3
    0.43507166869E-03    7    1    4    4
    0.39533974867E-03    7    1    5    1
    0.22150501024E-04    7    1    5    2
   -0.32850408121E-04    7    1    5    3
    0.62528710539E-05    7    1    5    4
    0.42379946486E-03    7    1    5    5
   -0.21974046505E-04    7    1    6    1
    0.44032963552E-05    7    1    6    2
   -0.82422515099E-05    7    1    6    3
    0.58795818302E-06    7    1    6    4
    0.88230926024E-05    7    1    6    5
    0.51408579453E-03    7    1    6    6
    0.95900227163E-04    7    1    7    1
    0.25002952721E-02    7    2    1    1
    0.95998145998E-04    7    2    2    1
    0.24340669453E-02    7    2    2    2
   -0.22854923093E-04    7    2    3    1
   -0.12459793244E-03    7    2    3    2
    0.23928298676E-02    7    2    3    3
   -0.63700127088E-04    7    2    4    1
    0.90930196816E-04    7    2    4    2
   -0.35069154477E-04    7    2    4    3
    0.20703150815E-02    7    2    4    4
   -0.44052895806E-04    7    2    5    1
    0.23814681299E-03    7    2    5    2
   -0.15274452825E-03    7    2    5    3
    0.65365217750E-04    7    2    5    4
    0.23673308346E-02    7    2    5    5
    0.79513690102E-04    7    2    6    1
   -0.40799005831E-04    7    2    6    2
   -0.43588782716E-04    7    2    6    3
   -0.15534227735E-04    7    2    6    4
    0.64874325879E-06    7    2    6    5
    0.22611530346E-02    7    2    6    6
   -0.11916680601E-04    7    2    7    1
    0.13753821387E-03    7    2    7    2
   -0.35837585879E-02    7    3    1    1
   -0.31674316887E-04    7    3    2    1
   -0.33493246223E-02    7    3    2    2
    0.83444250890E-04    7    3    3    1
    0.12609757597E-03    7    3    3    2
   -0.35878133486E-02    7    3    3    3
   -0.73468478655E-04    7    3    4    1
   -0.80300226982E-04    7    3    4    2
    0.28605644925E-04    7    3    4    3
   -0.29587221742E-02    7    3    4    4
    0.58755909755E-04    7    3    5    1
   -0.15603207510E-03    7    3    5    2
    0.35980274606E-03    7    3    5    3
   -0.16292011039E-04    7    3    5    4
   -0.33963681325E-02    7    3    5    5
   -0.11410359293E-03    7    3    6    1
   -0.18371819479E-04    7    3    6    2
    0.55119899473E-05    7    3    6    3
    0.37989553471E-06    7    3    6    4
   -0.92596232315E-06    7    3    6    5
   -0.32453402420E-02    7    3    6    6
    0.17749987622E-04    7    3    7    1
   -0.42383408044E-04    7    3    7    2
    0.14701263741E-03    7    3    7    3
    0.59590416266E-03    7    4    1    1
   -0.14498658356E-03    7    4    2    1
    0.65620849626E-03    7    4    2    2
   -0.12898651880E-03    7    4    3    1
   -0.46492958574E-04    7    4    3    2
    0.50666493109E-03    7    4    3    3
   -0.50526720075E-04    7    4    4    1
    0.31949303913E-04    7    4    4    2
   -0.10531168056E-04    7    4    4    3
    0.50803510263E-03    7    4    4    4
   -0.66927009985E-05    7    4    5    1
    0.47681186157E-04    7    4    5    2
   -0.25828889536E-04    7    4    5    3
    0.98047576365E-04    7    4    5    4
    0.57695391951E-03    7    4    5    5
    0.19726551416E-04    7    4    6    1
    0.14362620819E-03    7    4    6    2
    0.11227178119E-03    7    4    6    3
    0.98438309983E-04    7    4    6    4
   -0.53643332316E-06    7    4    6    5
    0.54899680724E-03    7    4    6    6
   -0.45171776214E-05    7    4    7    1
   -0.78477574321E-04    7    4    7    2
   -0.29025804900E-04    7    4    7    3
    0.36169757256E-03    7    4    7    4
    0.58677866348E-02    7    5    1    1
    0.37621894082E-04    7    5    2    1
    0.58257080731E-02    7    5    2    2
   -0.50696774651E-04    7    5    3    1
    0.90255018408E-04    7    5    3    2
    0.58022415860E-02    7    5    3    3
    0.11407860340E-04    7    5    4    1
    0.14194901738E-03    7    5    4    2
    0.57085360356E-04    7    5    4    3
    0.54713929277E-02    7    5    4    4
    0.56496471546E-05    7    5    5    1
    0.18053432901E-03    7    5    5    2
   -0.26134785717E-03    7    5    5    3
    0.49536764462E-04    7    5    5    4
    0.65686561744E-02    7    5    5    5
    0.12250424626E-03    7    5    6    1
    0.70906360591E-05    7    5    6    2
   -0.15949923365E-04    7    5    6    3
    0.17978120756E-05    7    5    6    4
    0.26868112191E-04    7    5    6    5
    0.58046838068E-02    7    5    6    6
    0.12666161987E-04    7    5    7    1
    0.31818224822E-04    7    5    7    2
   -0.44512238239E-04    7    5    7    3
    0.54535320151E-05    7    5    7    4
    0.21346883217E-03    7    5    7    5
    0.16319878242E-02    7    6    1    1
    0.21905849306E-04    7    6    2    1
    0.16549327832E-02    7    6    2    2
   -0.30450594878E-04    7    6    3    1
    0.39900795703E-04    7    6    3    2
    0.16305132087E-02    7    6    3    3
    0.49315016800E-05    7    6    4    1
    0.42368904558E-05    7    6    4    2
    0.18317252131E-04    7    6    4    3
    0.17017853707E-02    7    6    4    4
    0.48713617693E-04    7    6    5    1
   -0.16826897302E-04    7    6    5    2
    0.22602387217E-04    7    6    5    3
   -0.81781824367E-06    7    6    5    4
    0.19297734920E-02    7    6    5    5
    0.93515307353E-04    7    6    6    1
    0.11988473882E-03    7    6    6    2
   -0.17331890942E-03    7    6    6    3
    0.30634750490E-04    7    6    6    4
    0.40255423382E-03    7    6    6    5
    0.21721481985E-03    7    6    6    6
    0.36390385187E-03    7    6    7    1
    0.31100805306E-04    7    6    7    2
   -0.51936907063E-04    7    6    7    3
    0.92930600560E-05    7    6    7    4
    0.30971326831E-04    7    6    7    5
    0.41189784504E-01    7    6    7    6
    0.20188536182        7    7    1    1
   -0.55785803989E-03    7    7    2    1
    0.19995024597        7    7    2    2
    0.75677301618E-03    7    7    3    1
    0.12099408983E-03    7    7    3    2
    0.19996078535        7    7    3    3
   -0.99374521675E-04    7    7    4    1
    0.13460597729E-03    7    7    4    2
    0.65012403764E-03    7    7    4    3
    0.20320126201        7    7    4    4
    0.13723234504E-02    7    7    5    1
   -0.20495783392E-02    7    7    5    2
    0.28806016296E-02    7    7    5    3
   -0.40044027545E-03    7    7    5    4
    0.20524299616        7    7    5    5
    0.59995397092E-02    7    7    6    1
    0.32363847203E-03    7    7    6    2
   -0.59326158970E-03    7    7    6    3
    0.11165494059E-03    7    7    6    4
    0.85958692450E-03    7    7    6    5
    0.84359186721        7    7    6    6
    0.52316513079E-03    7    7    7    1
    0.25122337319E-02    7    7    7    2
   -0.36042470024E-02    7    7    7    3
    0.60967361332E-03    7    7    7    4
    0.65321199077E-02    7    7    7    5
    0.17534306872E-03    7    7    7    6
    0.91956514771        7    7    7    7
    0.40605746303E-03    8    1    1    1
   -0.74431288893E-04    8    1    2    1
    0.20583993324E-03    8    1    2    2
    0.14959869533E-03    8    1    3    1
    0.65764272538E-04    8    1    3    2
    0.47788080853E-03    8    1    3    3
    0.24831451305E-03    8    1    4    1
   -0.68823274744E-04    8    1    4    2
   -0.45976521625E-04    8    1    4    3
    0.40468575823E-03    8    1    4    4
    0.17088315708E-03    8    1    5    1
    0.11800785512E-04    8    1    5    2
    0.64446421781E-04    8    1    5    3
   -0.34820617993E-04    8    1    5    4
    0.35919291052E-03    8    1    5    5
   -0.59970571578E-06    8    1    6    1
    0.47429885800E-04    8    1    6    2
    0.40164264312E-04    8    1    6    3
    0.44522711952E-04    8    1    6    4
    0.75629922295E-05    8    1    6    5
    0.43462969704E-03    8    1    6    6
   -0.24414682621E-04    8    1    7    1
   -0.96439552565E-05    8    1    7    2
   -0.82982388569E-06    8    1    7    3
    0.64935226675E-04    8    1    7    4
    0.94353868082E-05    8    1    7    5
    0.23912921622E-04    8    1    7    6
    0.34459950494E-03    8    1    7    7
    0.86493251793E-04    8    1    8    1
   -0.16852651214E-02    8    2    1    1
    0.11527971858E-03    8    2    2    1
   -0.16027136480E-02    8    2    2    2
    0.48344682883E-04    8    2    3    1
    0.24345992225E-03    8    2    3    2
   -0.14074641870E-02    8    2    3    3
    0.10545710422E-03    8    2    4    1
    0.24636598391E-03    8    2    4    2
    0.21539408477E-04    8    2    4    3
   -0.14484644349E-02    8    2    4    4
   -0.11115034261E-03    8    2    5    1
    0.10669605228E-03    8    2    5    2
   -0.55371428323E-04    8    2    5    3
    0.53149075108E-04    8    2    5    4
   -0.14026894019E-02    8    2    5    5
   -0.52435878085E-04    8    2    6    1
   -0.37734421167E-04    8    2    6    2
   -0.14714979676E-04    8    2    6    3
   -0.25584260957E-04    8    2    6    4
    0.71494604684E-05    8    2    6    5
   -0.16988950747E-02    8    2    6    6
    0.14886150288E-04    8    2    7    1
   -0.22449595935E-04    8    2    7    2
    0.41769387830E-04    8    2    7    3
   -0.48703191860E-04    8    2    7    4
   -0.26066952802E-04    8    2    7    5
   -0.22538189582E-04    8    2    7    6
   -0.14723295827E-02    8    2    7    7
   -0.32626861165E-05    8    2    8    1
    0.10459660957E-03    8    2    8    2
    0.47784265464E-02    8    3    1    1
   -0.13488723848E-03    8    3    2    1
    0.44573727964E-02    8    3    2    2
   -0.81296526782E-04    8    3    3    1
   -0.10687256540E-03    8    3    3    2
    0.49910348771E-02    8    3    3    3
    0.66234442041E-04    8    3    4    1
    0.27821459855E-04    8    3    4    2
    0.25878712250E-03    8    3    4    3
    0.44624146438E-02    8    3    4    4
   -0.93520156121E-04    8    3    5    1
    0.87543676820E-04    8    3    5    2
    0.10794925474E-03    8    3    5    3
   -0.11971300732E-03    8    3    5    4
    0.48629740877E-02    8    3    5    5
    0.16190124983E-03    8    3    6    1
    0.46254801400E-04    8    3    6    2
    0.14032855914E-04    8    3    6    3
    0.16620346334E-04    8    3    6    4
   -0.58627022936E-05    8    3    6    5
    0.48178112100E-02    8    3    6    6
   -0.11389026385E-04    8    3    7    1
    0.42213257986E-04    8    3    7    2
   -0.10163660054E-03    8    3    7    3
    0.75895875167E-04    8    3    7    4
    0.84756196398E-04    8    3    7    5
   -0.62513414305E-04    8    3    7    6
    0.48105709340E-02    8    3    7    7
    0.49844999808E-04    8    3    8    1
   -0.64082930148E-04    8    3    8    2
    0.22169024839E-03    8    3    8    3
    0.37831353196E-02    8    4    1    1
    0.32684359676E-04    8    4    2    1
    0.36591470911E-02    8    4    2    2
    0.62329637224E-04    8    4    3    1
   -0.89833496872E-05    8    4    3    2
    0.36977698888E-02    8    4    3    3
    0.16869301858E-05    8    4    4    1
   -0.12142952309E-04    8    4    4    2
    0.15863228617E-03    8    4    4    3
    0.38991200318E-02    8    4    4    4
    0.55429974871E-04    8    4    5    1
   -0.67499167212E-04    8    4    5    2
    0.67849344107E-04    8    4    5    3
    0.90100610296E-04    8    4    5    4
    0.40459058015E-02    8    4    5    5
    0.17565083017E-03    8    4    6    1
   -0.43442719444E-04    8    4    6    2
   -0.51246562468E-04    8    4    6    3
   -0.43688025714E-04    8    4    6    4
    0.94578022752E-06    8    4    6    5
    0.37873602047E-02    8    4    6    6
   -0.10831042080E-04    8    4    7    1
    0.84400328454E-04    8    4    7    2
   -0.74916629334E-04    8    4    7    3
   -0.11724738431E-03    8    4    7    4
    0.11813627426E-03    8    4    7    5
    0.68562774853E-04    8    4    7    6
    0.40675104947E-02    8    4    7    7
   -0.16419153673E-04    8    4    8    1
   -0.19184216319E-04    8    4    8    2
    0.82670591328E-04    8    4    8    3
    0.30830893141E-03    8    4    8    4
    0.28276555828E-02    8    5    1    1
   -0.11920554055E-03    8    5    2    1
    0.27876208697E-02    8    5    2    2
   -0.41349530791E-04    8    5    3    1
   -0.40818192402E-04    8    5    3    2
    0.26892326498E-02    8    5    3    3
   -0.37219474489E-04    8    5    4    1
    0.23646249846E-04    8    5    4    2
    0.49083191090E-04    8    5    4    3
    0.28858848296E-02    8    5    4    4
    0.36677855383E-04    8    5    5    1
   -0.89075205470E-04    8    5    5    2
    0.23877196805E-03    8    5    5    3
    0.76847789520E-04    8    5    5    4
    0.31800889135E-02    8    5    5    5
    0.92148068663E-04    8    5    6    1
    0.93016922949E-04    8    5    6    2
    0.66666942370E-04    8    5    6    3
    0.61725769778E-04    8    5    6    4
   -0.79777860359E-05    8    5    6    5
    0.31237914034E-02    8    5    6    6
   -0.33439831188E-05    8    5    7    1
   -0.22949034166E-04    8    5    7    2
   -0.57149796199E-04    8    5    7    3
    0.17920487469E-03    8    5    7    4
    0.40716735159E-04    8    5    7    5
   -0.72162131294E-04    8    5    7    6
    0.29673850715E-02    8    5    7    7
    0.48259427492E-04    8    5    8    1
   -0.94606301083E-04    8    5    8    2
    0.14659299334E-03    8    5    8    3
    0.15001173328E-04    8    5    8    4
    0.22867858705E-03    8    5    8    5
   -0.49370832521E-03    8    6    1    1
    0.11462706654E-03    8    6    2    1
   -0.56626184050E-03    8    6    2    2
    0.10651457226E-03    8    6    3    1
    0.71130077592E-04    8    6    3    2
   -0.41920520473E-03    8    6    3    3
    0.12700747004E-03    8    6    4    1
    0.17820442267E-04    8    6    4    2
   -0.83199983107E-04    8    6    4    3
   -0.52352758099E-03    8    6    4    4
    0.36007969985E-04    8    6    5    1
    0.32298691612E-04    8    6    5    2
   -0.15730556112E-04    8    6    5    3
    0.84076975338E-04    8    6    5    4
   -0.50588365912E-03    8    6    5    5
    0.52141097390E-04    8    6    6    1
   -0.18869098702E-04    8    6    6    2
    0.18025838079E-03    8    6    6    3
    0.23202105466E-03    8    6    6    4
    0.12432523227E-03    8    6    6    5
    0.83221053353E-03    8    6    6    6
    0.14623526149E-04    8    6    7    1
    0.67577162252E-04    8    6    7    2
    0.84667618698E-04    8    6    7    3
   -0.83994528118E-04    8    6    7    4
    0.44761924379E-04    8    6    7    5
    0.99476165155E-03    8    6    7    6
    0.86096192103E-04    8    6    7    7
    0.22014951458E-03    8    6    8    1
   -0.80795534581E-04    8    6    8    2
   -0.81364151567E-04    8    6    8    3
    0.31703889403E-04    8    6    8    4
    0.45866175047E-04    8    6    8    5
    0.28495417156E-01    8    6    8    6
   -0.19126228663E-02    8    7    1    1
    0.15799807696E-03    8    7    2    1
   -0.18259369472E-02    8    7    2    2
    0.74636297744E-04    8    7    3    1
    0.11031783922E-03    8    7    3    2
   -0.18814804137E-02    8    7    3    3
    0.46194698689E-04    8    7    4    1
    0.80502446693E-04    8    7    4    2
   -0.10633863670E-03    8    7    4    3
   -0.19723991874E-02    8    7    4    4
    0.19049018863E-04    8    7    5    1
    0.66978031234E-05    8    7    5    2
   -0.12292918002E-03    8    7    5    3
    0.15657942511E-03    8    7    5    4
   -0.18624062165E-02    8    7    5    5
    0.51167841941E-04    8    7    6    1
   -0.17319519668E-04    8    7    6    2
    0.44823708742E-04    8    7    6    3
   -0.43909435451E-04    8    7    6    4
    0.30210838252E-04    8    7    6    5
   -0.11169087718E-02    8    7    6    6
    0.15629571915E-04    8    7    7    1
   -0.12510055881E-03    8    7    7    2
    0.18836367585E-03    8    7    7    3
    0.82634693593E-04    8    7    7    4
    0.22739005873E-03    8    7    7    5
    0.42593994239E-03    8    7    7    6
    0.86344686699E-03    8    7    7    7
    0.40682515783E-04    8    7    8    1
    0.10257592248E-03    8    7    8    2
   -0.37061847534E-04    8    7    8    3
    0.48116378087E-04    8    7    8    4
    0.29885296391E-03    8    7    8    5
    0.29667810406E-02    8    7    8    6
    0.29735663618E-01    8    7    8    7
    0.19762558821        8    8    1    1
   -0.30342156712E-03    8    8    2    1
    0.19564598094        8    8    2    2
    0.90262049360E-03    8    8    3    1
    0.10077846181E-04    8    8    3    2
    0.19577509909        8    8    3    3
   -0.27017879390E-04    8    8    4    1
    0.20849247176E-03    8    8    4    2
    0.52669953481E-03    8    8    4    3
    0.19908141722        8    8    4    4
    0.11239171309E-02    8    8    5    1
   -0.21418672290E-02    8    8    5    2
    0.28367439352E-02    8    8    5    3
   -0.16036384060E-03    8    8    5    4
    0.20050880471        8    8    5    5
    0.58828800862E-02    8    8    6    1
    0.32227824134E-03    8    8    6    2
   -0.55792151211E-03    8    8    6    3
    0.73920634975E-04    8    8    6    4
    0.84582519899E-03    8    8    6    5
    0.84235575633        8    8    6    6
    0.43359854201E-03    8    8    7    1
    0.22107920722E-02    8    8    7    2
   -0.32176965470E-02    8    8    7    3
    0.50963761179E-03    8    8    7    4
    0.56555564535E-02    8    8    7    5
   -0.56621775644E-02    8    8    7    6
    0.83375740047        8    8    7    7
    0.32231558617E-03    8    8    8    1
   -0.15899807704E-02    8    8    8    2
    0.48933012104E-02    8    8    8    3
    0.40653949061E-02    8    8    8    4
    0.29468925299E-02    8    8    8    5
    0.91490396408E-03    8    8    8    6
    0.71230691141E-03    8    8    8    7
    0.86904000858        8    8    8    8
   -0.40418885947E-03    9    1    1    1
    0.74675490419E-04    9    1    2    1
   -0.49848819787E-03    9    1    2    2
   -0.65049381911E-04    9    1    3    1
    0.44734952653E-04    9    1    3    2
   -0.17596095026E-03    9    1    3    3
    0.27971727050E-03    9    1    4    1
    0.46802645216E-04    9    1    4    2
    0.11237350109E-04    9    1    4    3
   -0.39364148448E-03    9    1    4    4
   -0.17614871544E-03    9    1    5    1
    0.69527961844E-04    9    1    5    2
   -0.16937134871E-04    9    1    5    3
   -0.22508675865E-04    9    1    5    4
   -0.34983078918E-03    9    1    5    5
    0.11175259303E-05    9    1    6    1
    0.46894553089E-04    9    1    6    2
    0.39264303255E-04    9    1    6    3
    0.44426272317E-04    9    1    6    4
   -0.82957992270E-05    9    1    6    5
   -0.42893150410E-03    9    1    6    6
    0.23471454765E-04    9    1    7    1
   -0.12789410816E-04    9    1    7    2
    0.43160432464E-05    9    1    7    3
    0.62632465126E-04    9    1    7    4
   -0.10868275677E-04    9    1    7    5
   -0.25388477899E-04    9    1    7    6
   -0.33927711651E-03    9    1    7    7
    0.28863850173E-04    9    1    8    1
   -0.92034747880E-05    9    1    8    2
    0.20979470355E-04    9    1    8    3
   -0.25506579961E-04    9    1    8    4
    0.37526696806E-04    9    1    8    5
    0.24015431404E-04    9    1    8    6
   -0.68924282681E-04    9    1    8    7
   -0.38272803408E-03    9    1    8    8
    0.85237857318E-04    9    1    9    1
    0.32365944048E-02    9    2    1    1
    0.10579545528E-03    9    2    2    1
    0.33776444553E-02    9    2    2    2
    0.40354990173E-04    9    2    3    1
   -0.13185138845E-03    9    2    3    2
    0.30607514807E-02    9    2    3    3
   -0.91645475033E-04    9    2    4    1
    0.33867931157E-03    9    2    4    2
    0.49848636068E-05    9    2    4    3
    0.30942656011E-02    9    2    4    4
   -0.13525137582E-03    9    2    5    1
   -0.13060303786E-03    9    2    5    2
   -0.71492170037E-04    9    2    5    3
    0.11142256359E-03    9    2    5    4
    0.33700807240E-02    9    2    5    5
    0.10358209967E-03    9    2    6    1
   -0.28433373911E-04    9    2    6    2
   -0.33048547682E-04    9    2    6    3
   -0.10981024813E-04    9    2    6    4
   -0.25188090360E-05    9    2    6    5
    0.32620985261E-02    9    2    6    6
   -0.28209506695E-05    9    2    7    1
    0.65966562656E-04    9    2    7    2
   -0.52388925024E-04    9    2    7    3
   -0.52243190204E-04    9    2    7    4
    0.52530863925E-04    9    2    7    5
   -0.76408311497E-04    9    2    7    6
    0.32975248285E-02    9    2    7    7
   -0.20125056607E-04    9    2    8    1
   -0.17221776890E-05    9    2    8    2
    0.33280666041E-04    9    2    8    3
    0.88584354787E-04    9    2    8    4
   -0.51886949071E-05    9    2    8    5
    0.95179971563E-04    9    2    8    6
    0.29608642440E-04    9    2    8    7
    0.31017898164E-02    9    2    8    8
   -0.47569889444E-04    9    2    9    1
    0.14822628362E-03    9    2    9    2
   -0.23229245056E-02    9    3    1    1
   -0.11681342559E-03    9    3    2    1
   -0.19855188001E-02    9    3    2    2
   -0.13242002574E-03    9    3    3    1
    0.16095266761E-03    9    3    3    2
   -0.22224260733E-02    9    3    3    3
   -0.72965923260E-04    9    3    4    1
    0.14312556035E-04    9    3    4    2
    0.29342929234E-03    9    3    4    3
   -0.20735144258E-02    9    3    4    4
   -0.60774374949E-04    9    3    5    1
    0.62198820086E-04    9    3    5    2
   -0.99344948404E-04    9    3    5    3
   -0.81866321349E-04    9    3    5    4
   -0.20275578713E-02    9    3    5    5
   -0.64155928004E-04    9    3    6    1
    0.43117778909E-04    9    3    6    2
    0.53226636154E-04    9    3    6    3
    0.33813388314E-04    9    3    6    4
    0.80088945918E-05    9    3    6    5
   -0.23405318736E-02    9    3    6    6
    0.13874123864E-04    9    3    7    1
   -0.58894259010E-04    9    3    7    2
    0.51549095362E-04    9    3    7    3
    0.76419302744E-04    9    3    7    4
   -0.29329540908E-04    9    3    7    5
    0.11424187137E-04    9    3    7    6
   -0.20756579507E-02    9    3    7    7
    0.21357792511E-04    9    3    8    1
   -0.12270140981E-04    9    3    8    2
   -0.20240327276E-05    9    3    8    3
   -0.73941340175E-04    9    3    8    4
    0.39493310503E-04    9    3    8    5
    0.26331924357E-04    9    3    8    6
   -0.22963008604E-04    9    3    8    7
   -0.21344003498E-02    9    3    8    8
    0.21940337929E-04    9    3    9    1
   -0.68265718595E-04    9    3    9    2
    0.14611589055E-03    9    3    9    3
    0.48447945723E-02    9    4    1    1
   -0.36821305031E-04    9    4    2    1
    0.46663032617E-02    9    4    2    2
    0.18123512519E-04    9    4    3    1
   -0.39217395328E-04    9    4    3    2
    0.46686199395E-02    9    4    3    3
   -0.44780137602E-05    9    4    4    1
    0.15373846657E-03    9    4    4    2
   -0.68852930083E-04    9    4    4    3
    0.49433360367E-02    9    4    4    4
    0.51316388569E-04    9    4    5    1
   -0.59875218458E-04    9    4    5    2
    0.77439926900E-04    9    4    5    3
   -0.74678578659E-04    9    4    5    4
    0.50774040042E-02    9    4    5    5
    0.21139190048E-03    9    4    6    1
    0.43556143311E-04    9    4    6    2
    0.16691517139E-04    9    4    6    3
    0.41688602247E-04    9    4    6    4
   -0.20445122610E-05    9    4    6    5
    0.48540413945E-02    9    4    6    6
   -0.16170538661E-04    9    4    7    1
    0.45354051653E-04    9    4    7    2
   -0.10034210878E-03    9    4    7    3
    0.12654147305E-03    9    4    7    4
    0.13388293755E-03    9    4    7    5
    0.62213533746E-04    9    4    7    6
    0.50979612832E-02    9    4    7    7
    0.19876226697E-04    9    4    8    1
   -0.61110862482E-04    9    4    8    2
    0.15092760103E-03    9    4    8    3
    0.16743144010E-03    9    4    8    4
    0.11283793644E-03    9    4    8    5
   -0.49009206144E-04    9    4    8    6
   -0.89204166406E-04    9    4    8    7
    0.45284572429E-02    9    4    8    8
    0.51903985016E-05    9    4    9    1
    0.59060159440E-04    9    4    9    2
   -0.19727170496E-04    9    4    9    3
    0.34515938715E-03    9    4    9    4
   -0.28786236024E-02    9    5    1    1
   -0.72918182385E-04    9    5    2    1
   -0.27042941155E-02    9    5    2    2
   -0.10534636433E-03    9    5    3    1
   -0.32329164900E-05    9    5    3    2
   -0.28523946321E-02    9    5    3    3
   -0.30793106782E-04    9    5    4    1
   -0.21591655108E-04    9    5    4    2
   -0.24388813523E-04    9    5    4    3
   -0.29335443010E-02    9    5    4    4
   -0.35924171993E-04    9    5    5    1
    0.17847285050E-03    9    5    5    2
   -0.14261397170E-03    9    5    5    3
    0.13083793605E-03    9    5    5    4
   -0.32301405140E-02    9    5    5    5
   -0.92943117438E-04    9    5    6    1
    0.89035962540E-04    9    5    6    2
    0.79223327926E-04    9    5    6    3
    0.60005421902E-04    9    5    6    4
    0.66347981096E-05    9    5    6    5
   -0.31641956010E-02    9    5    6    6
    0.10115508975E-05    9    5    7    1
   -0.87113097772E-04    9    5    7    2
    0.33043161149E-04    9    5    7    3
    0.16626929558E-03    9    5    7    4
   -0.46097841524E-04    9    5    7    5
    0.69607813650E-04    9    5    7    6
   -0.30172512663E-02    9    5    7    7
    0.38730508288E-04    9    5    8    1
   -0.19622619885E-04    9    5    8    2
   -0.81845072533E-05    9    5    8    3
   -0.11849664410E-03    9    5    8    4
    0.74013276387E-04    9    5    8    5
   -0.11297671224E-03    9    5    8    6
   -0.17892874202E-03    9    5    8    7
   -0.29712330503E-02    9    5    8    8
    0.48527707653E-04    9    5    9    1
   -0.10277356753E-03    9    5    9    2
    0.13337765509E-03    9    5    9    3
   -0.58283240390E-04    9    5    9    4
    0.23433972116E-03    9    5    9    5
    0.48686250994E-03    9    6    1    1
    0.11733484948E-03    9    6    2    1
    0.35754877594E-03    9    6    2    2
    0.97450410506E-04    9    6    3    1
    0.88975877097E-05    9    6    3    2
    0.56220951009E-03    9    6    3    3
    0.12826750638E-03    9    6    4    1
    0.46620841145E-04    9    6    4    2
   -0.52472814751E-04    9    6    4    3
    0.55278496799E-03    9    6    4    4
   -0.38261005842E-04    9    6    5    1
   -0.13698541064E-04    9    6    5    2
    0.52955565222E-04    9    6    5    3
    0.71638266181E-04    9    6    5    4
    0.49052659140E-03    9    6    5    5
   -0.50628560353E-04    9    6    6    1
    0.12739921322E-03    9    6    6    2
   -0.27316724067E-04    9    6    6    3
    0.26450417699E-03    9    6    6    4
   -0.12723303900E-03    9    6    6    5
   -0.79312345651E-03    9    6    6    6
   -0.11404101689E-04    9    6    7    1
    0.11480099582E-03    9    6    7    2
    0.20958741314E-04    9    6    7    3
   -0.74809002159E-04    9    6    7    4
   -0.42322419575E-04    9    6    7    5
   -0.98434435339E-03    9    6    7    6
   -0.11341205705E-03    9    6    7    7
    0.21453239328E-04    9    6    8    1
   -0.68545482011E-04    9    6    8    2
   -0.73794796161E-04    9    6    8    3
    0.52875346603E-04    9    6    8    4
   -0.11302721592E-03    9    6    8    5
    0.64210270038E-02    9    6    8    6
   -0.41710662630E-02    9    6    8    7
    0.31517043987E-02    9    6    8    8
    0.22396719638E-03    9    6    9    1
    0.10364235983E-03    9    6    9    2
    0.40834020259E-04    9    6    9    3
   -0.21768978604E-04    9    6    9    4
    0.43774883012E-04    9    6    9    5
    0.28623701746E-01    9    6    9    6
    0.18840608608E-02    9    7    1    1
    0.11843603329E-03    9    7    2    1
    0.17486128840E-02    9    7    2    2
    0.13229525470E-03    9    7    3    1
   -0.76748588949E-04    9    7    3    2
    0.18216839918E-02    9    7    3    3
    0.36555429940E-04    9    7    4    1
    0.60187432099E-04    9    7    4    2
   -0.10012866813E-03    9    7    4    3
    0.20040860948E-02    9    7    4    4
   -0.22239180062E-04    9    7    5    1
   -0.13511209032E-03    9    7    5    2
    0.75738601329E-04    9    7    5    3
    0.12757211654E-03    9    7    5    4
    0.18214795092E-02    9    7    5    5
   -0.49960400310E-04    9    7    6    1
    0.42630296675E-04    9    7    6    2
   -0.37822010158E-04    9    7    6    3
   -0.34504999995E-04    9    7    6    4
   -0.28563146962E-04    9    7    6    5
    0.10675080576E-02    9    7    6    6
   -0.15816206113E-04    9    7    7    1
    0.11530487372E-03    9    7    7    2
   -0.15868058046E-03    9    7    7    3
    0.13068571310E-03    9    7    7    4
   -0.22677656390E-03    9    7    7    5
   -0.39170777866E-03    9    7    7    6
   -0.89114585386E-03    9    7    7    7
   -0.70870169754E-04    9    7    8    1
    0.64852456412E-06    9    7    8    2
   -0.16513129710E-04    9    7    8    3
    0.91827268409E-04    9    7    8    4
   -0.18109157738E-03    9    7    8    5
   -0.42038487519E-02    9    7    8    6
   -0.75993571881E-02    9    7    8    7
    0.83965877417E-02    9    7    8    8
    0.36431650317E-04    9    7    9    1
    0.50762603587E-05    9    7    9    2
   -0.11646286042E-03    9    7    9    3
   -0.19191316827E-04    9    7    9    4
    0.29344062043E-03    9    7    9    5
    0.27327909113E-02    9    7    9    6
    0.29554032382E-01    9    7    9    7
    0.20966026509E-02    9    8    1    1
   -0.16646575763E-04    9    8    2    1
    0.20179088946E-02    9    8    2    2
    0.32026132492E-04    9    8    3    1
   -0.19630001507E-04    9    8    3    2
    0.20390688522E-02    9    8    3    3
   -0.25064357386E-05    9    8    4    1
   -0.18721506162E-05    9    8    4    2
    0.37497380751E-04    9    8    4    3
    0.23216690198E-02    9    8    4    4
    0.34924442135E-04    9    8    5    1
   -0.56590546612E-04    9    8    5    2
    0.76925501997E-04    9    8    5    3
   -0.81774052726E-05    9    8    5    4
    0.21927287405E-02    9    8    5    5
   -0.27392570287E-03    9    8    6    1
    0.41649475009E-04    9    8    6    2
   -0.52741020840E-04    9    8    6    3
    0.78419396601E-05    9    8    6    4
   -0.12172918618E-04    9    8    6    5
   -0.20367938645E-01    9    8    6    6
    0.69366597559E-04    9    8    7    1
    0.61659475622E-04    9    8    7    2
   -0.88296749148E-04    9    8    7    3
    0.11101535334E-04    9    8    7    4
   -0.81416250144E-04    9    8    7    5
    0.80949547792E-02    9    8    7    6
    0.69872039889E-02    9    8    7    7
   -0.69048302976E-04    9    8    8    1
    0.15259281986E-03    9    8    8    2
   -0.17537559498E-03    9    8    8    3
    0.15454516481E-03    9    8    8    4
   -0.32415214054E-03    9    8    8    5
   -0.19225289683E-02    9    8    8    6
   -0.47616062172E-02    9    8    8    7
   -0.71466725924E-02    9    8    8    8
    0.67330769076E-04    9    8    9    1
   -0.12750157155E-03    9    8    9    2
    0.22993786453E-03    9    8    9    3
    0.93749303981E-04    9    8    9    4
    0.31527970397E-03    9    8    9    5
    0.20819933440E-02    9    8    9    6
    0.48220489631E-02    9    8    9    7
    0.33787341203E-01    9    8    9    8
    0.19768498736        9    9    1    1
   -0.77514609846E-03    9    9    2    1
    0.19578095433        9    9    2    2
    0.54964994954E-03    9    9    3    1
   -0.29453263733E-04    9    9    3    2
    0.19585657104        9    9    3    3
   -0.17105372611E-03    9    9    4    1
    0.56943237941E-04    9    9    4    2
    0.75234463952E-03    9    9    4    3
    0.19908326163        9    9    4    4
    0.11305193122E-02    9    9    5    1
   -0.19381672820E-02    9    9    5    2
    0.29079110338E-02    9    9    5    3
   -0.65371641140E-03    9    9    5    4
    0.20059391483        9    9    5    5
    0.58735574427E-02    9    9    6    1
    0.29118772759E-03    9    9    6    2
   -0.57396016941E-03    9    9    6    3
    0.13898904922E-03    9    9    6    4
    0.84709420648E-03    9    9    6    5
    0.84179722702        9    9    6    6
    0.43775561913E-03    9    9    7    1
    0.22514947835E-02    9    9    7    2
   -0.31843823487E-02    9    9    7    3
    0.57141309945E-03    9    9    7    4
    0.56499029271E-02    9    9    7    5
   -0.52101462390E-02    9    9    7    6
    0.83380602741        9    9    7    7
    0.38519011012E-03    9    9    8    1
   -0.15166349186E-02    9    9    8    2
    0.45286202820E-02    9    9    8    3
    0.35315466103E-02    9    9    8    4
    0.29212157845E-02    9    9    8    5
   -0.34258732231E-02    9    9    8    6
   -0.85568670057E-02    9    9    8    7
    0.79875020733        9    9    8    8
   -0.31616022600E-03    9    9    9    1
    0.33256219404E-02    9    9    9    2
   -0.22086946855E-02    9    9    9    3
    0.51238982776E-02    9    9    9    4
   -0.29839351794E-02    9    9    9    5
   -0.87529501406E-03    9    9    9    6
   -0.73340754785E-03    9    9    9    7
   -0.71876083187E-02    9    9    9    8
    0.86848029533        9    9    9    9
   -0.11008209481E-03   10    1    1    1
   -0.22271081395E-03   10    1    2    1
   -0.12692901572E-03   10    1    2    2
   -0.15389979665E-03   10    1    3    1
    0.75948570422E-05   10    1    3    2
   -0.70368286461E-04   10    1    3    3
   -0.66145116914E-05   10    1    4    1
   -0.12030809508E-04   10    1    4    2
    0.10257577637E-04   10    1    4    3
   -0.98136643585E-04   10    1    4    4
   -0.11865326671E-05   10    1    5    1
   -0.10922724471E-05   10    1    5    2
   -0.14650065196E-05   10    1    5    3
   -0.34613343373E-04   10    1    5    4
   -0.10464613193E-03   10    1    5    5
   -0.53511497255E-05   10    1    6    1
   -0.14157064704E-03   10    1    6    2
   -0.10965962357E-03   10    1    6    3
   -0.70930576406E-04   10    1    6    4
    0.91206119584E-06   10    1    6    5
   -0.10400041596E-03   10    1    6    6
    0.16279123882E-05   10    1    7    1
    0.68860062704E-04   10    1    7    2
    0.25149401013E-04   10    1    7    3
   -0.17200319416E-03   10    1    7    4
   -0.70357230877E-06   10    1    7    5
   -0.23767732252E-05   10    1    7    6
   -0.10405389092E-03   10    1    7    7
   -0.47729816757E-04   10    1    8    1
    0.45256239558E-04   10    1    8    2
   -0.47485673535E-04   10    1    8    3
    0.53140539687E-04   10    1    8    4
   -0.11413728288E-03   10    1    8    5
    0.29772882494E-04   10    1    8    6
    0.11002881353E-04   10    1    8    7
   -0.78084071939E-04   10    1    8    8
   -0.47042642690E-04   10    1    9    1
    0.34674197622E-04   10    1    9    2
   -0.66127419485E-04   10    1    9    3
   -0.43763899747E-04   10    1    9    4
   -0.11325085724E-03   10    1    9    5
    0.31514698291E-04   10    1    9    6
    0.15970710274E-04   10    1    9    7
    0.30932313594E-05   10    1    9    8
   -0.11691272704E-03   10    1    9    9
    0.19283796559E-03   10    1   10    1
   -0.75197006673E-02   10    2    1    1
   -0.41414448926E-04   10    2    2    1
   -0.78784492468E-02   10    2    2    2
    0.86984464778E-04   10    2    3    1
   -0.17160403518E-03   10    2    3    2
   -0.71226059380E-02   10    2    3    3
    0.11970335912E-03   10    2    4    1
   -0.54279701218E-04   10    2    4    2
    0.77672737530E-05   10    2    4    3
   -0.68440199396E-02   10    2    4    4
   -0.15883386227E-03   10    2    5    1
   -0.10384346487E-03   10    2    5    2
    0.21482760876E-03   10    2    5    3
   -0.57957285417E-04   10    2    5    4
   -0.76688003522E-02   10    2    5    5
   -0.26674709320E-03   10    2    6    1
    0.11388210137E-07   10    2    6    2
    0.84591652100E-05   10    2    6    3
   -0.19968365580E-04   10    2    6    4
    0.80074773710E-05   10    2    6    5
   -0.75178329820E-02   10    2    6    6
    0.24973949717E-04   10    2    7    1
   -0.76650233125E-04   10    2    7    2
    0.10934870706E-03   10    2    7    3
   -0.16238963947E-04   10    2    7    4
   -0.17181363645E-03   10    2    7    5
   -0.12563325377E-03   10    2    7    6
   -0.75952301931E-02   10    2    7    7
    0.22470622111E-05   10    2    8    1
    0.65603292646E-04   10    2    8    2
   -0.15845311177E-03   10    2    8    3
   -0.17087368766E-03   10    2    8    4
   -0.99167395860E-04   10    2    8    5
   -0.16781391784E-03   10    2    8    6
   -0.18811252065E-03   10    2    8    7
   -0.70616250241E-02   10    2    8    8
    0.74744209520E-05   10    2    9    1
   -0.10451106283E-03   10    2    9    2
    0.59361851487E-04   10    2    9    3
   -0.21258869854E-03   10    2    9    4
    0.85781551012E-04   10    2    9    5
    0.18129241111E-04   10    2    9    6
    0.22581223187E-03   10    2    9    7
    0.21573061596E-03   10    2    9    8
   -0.70949664745E-02   10    2    9    9
    0.71442649867E-05   10    2   10    1
    0.33846664857E-03   10    2   10    2
   -0.51733819220E-02   10    3    1    1
   -0.32953082937E-04   10    3    2    1
   -0.48448959757E-02   10    3    2    2
    0.54734134263E-05   10    3    3    1
   -0.34299701588E-03   10    3    3    2
   -0.55078352448E-02   10    3    3    3
   -0.19722978682E-03   10    3    4    1
   -0.24459570057E-04   10    3    4    2
    0.39536737598E-04   10    3    4    3
   -0.47273504564E-02   10    3    4    4
   -0.91370119492E-04   10    3    5    1
   -0.14000752474E-03   10    3    5    2
    0.11491260862E-03   10    3    5    3
    0.65052966952E-06   10    3    5    4
   -0.53070569163E-02   10    3    5    5
   -0.18307010140E-03   10    3    6    1
   -0.42649550131E-05   10    3    6    2
    0.11367678059E-04   10    3    6    3
    0.24995001125E-04   10    3    6    4
    0.27261319041E-05   10    3    6    5
   -0.51657747360E-02   10    3    6    6
    0.16367839938E-04   10    3    7    1
   -0.52611072327E-04   10    3    7    2
    0.72251424508E-04   10    3    7    3
   -0.11847799535E-04   10    3    7    4
   -0.11668720042E-03   10    3    7    5
   -0.55020172053E-04   10    3    7    6
   -0.52742148742E-02   10    3    7    7
   -0.68877268268E-05   10    3    8    1
    0.21835041538E-04   10    3    8    2
   -0.11157661065E-03   10    3    8    3
   -0.12307601585E-03   10    3    8    4
   -0.48565769701E-04   10    3    8    5
    0.35923828940E-04   10    3    8    6
   -0.17985112657E-03   10    3    8    7
   -0.49303158961E-02   10    3    8    8
   -0.42159246309E-05   10    3    9    1
   -0.67453694501E-04   10    3    9    2
    0.58894219709E-04   10    3    9    3
   -0.13630974425E-03   10    3    9    4
    0.76879082048E-04   10    3    9    5
    0.16850646172E-03   10    3    9    6
    0.12058074615E-03   10    3    9    7
    0.14592744213E-03   10    3    9    8
   -0.48642059692E-02   10    3    9    9
   -0.40348306007E-05   10    3   10    1
    0.17566781941E-03   10    3   10    2
    0.19979539926E-03   10    3   10    3
    0.30845707225E-03   10    4    1    1
    0.75597486107E-05   10    4    2    1
    0.17824961850E-03   10    4    2    2
   -0.66314008034E-05   10    4    3    1
   -0.38727545146E-06   10    4    3    2
    0.22626680348E-03   10    4    3    3
    0.26053116784E-04   10    4    4    1
   -0.27159319467E-03   10    4    4    2
   -0.19194010408E-03   10    4    4    3
    0.20673761690E-03   10    4    4    4
    0.12394448611E-03   10    4    5    1
   -0.10792675201E-04   10    4    5    2
    0.25933508920E-04   10    4    5    3
   -0.67067586994E-05   10    4    5    4
    0.14145541165E-03   10    4    5    5
    0.16959797050E-04   10    4    6    1
   -0.95076485318E-05   10    4    6    2
    0.12325144440E-04   10    4    6    3
   -0.66176685010E-05   10    4    6    4
   -0.15783368407E-04   10    4    6    5
    0.36313492376E-03   10    4    6    6
   -0.63153888108E-05   10    4    7    1
    0.11275273289E-04   10    4    7    2
   -0.15547994549E-04   10    4    7    3
    0.16768398187E-05   10    4    7    4
    0.19816579943E-04   10    4    7    5
    0.22568771532E-03   10    4    7    6
    0.97496853299E-05   10    4    7    7
    0.31836563276E-05   10    4    8    1
   -0.21564185576E-04   10    4    8    2
    0.34713079083E-08   10    4    8    3
    0.32620022169E-04   10    4    8    4
    0.72250988690E-05   10    4    8    5
   -0.12718245407E-04   10    4    8    6
   -0.36622560645E-04   10    4    8    7
    0.12735842694E-03   10    4    8    8
   -0.25683714614E-05   10    4    9    1
   -0.13807473004E-04   10    4    9    2
   -0.18207751475E-04   10    4    9    3
    0.32915533843E-04   10    4    9    4
   -0.12107428139E-04   10    4    9    5
   -0.16034387563E-04   10    4    9    6
    0.45583812836E-04   10    4    9    7
   -0.30846001943E-04   10    4    9    8
    0.11767036072E-03   10    4    9    9
    0.90018697480E-06   10    4   10    1
   -0.24660734122E-04   10    4   10    2
   -0.16982111322E-04   10    4   10    3
    0.80967723105E-04   10    4   10    4
    0.14421822593E-04   10    5    1    1
   -0.32751275776E-04   10    5    2    1
    0.11007594539E-03   10    5    2    2
   -0.43065344030E-04   10    5    3    1
   -0.33036273224E-04   10    5    3    2
   -0.81495100418E-04   10    5    3    3
   -0.13188203917E-03   10    5    4    1
    0.17079243322E-04   10    5    4    2
   -0.45014359674E-07   10    5    4    3
    0.19313209675E-04   10    5    4    4
   -0.37746323345E-05   10    5    5    1
   -0.26809136394E-03   10    5    5    2
   -0.17768430962E-03   10    5    5    3
    0.50548162054E-04   10    5    5    4
    0.17605175217E-04   10    5    5    5
    0.12662575991E-05   10    5    6    1
    0.68615779214E-04   10    5    6    2
    0.49751362160E-04   10    5    6    3
    0.13068861905E-04   10    5    6    4
   -0.31407101699E-07   10    5    6    5
    0.16725323603E-04   10    5    6    6
   -0.89186512319E-06   10    5    7    1
   -0.42430493187E-04   10    5    7    2
   -0.13754121667E-04   10    5    7    3
    0.10939279682E-03   10    5    7    4
   -0.10936072895E-05   10    5    7    5
   -0.32879048699E-05   10    5    7    6
    0.18712090367E-04   10    5    7    7
    0.16992791081E-04   10    5    8    1
   -0.24750178213E-04   10    5    8    2
    0.33999343070E-04   10    5    8    3
   -0.28786245935E-04   10    5    8    4
    0.69185578737E-04   10    5    8    5
    0.37972657815E-04   10    5    8    6
   -0.28091171401E-04   10    5    8    7
   -0.13007024357E-04   10    5    8    8
    0.16410887214E-04   10    5    9    1
   -0.26710929649E-04   10    5    9    2
    0.39746793259E-04   10    5    9    3
    0.19321285252E-04   10    5    9    4
    0.69893803097E-04   10    5    9    5
    0.38533872684E-04   10    5    9    6
   -0.32180915448E-04   10    5    9    7
   -0.25934272609E-05   10    5    9    8
    0.48222858788E-04   10    5    9    9
   -0.72876131093E-04   10    5   10    1
   -0.11161745992E-04   10    5   10    2
    0.16435264719E-04   10    5   10    3
   -0.25680665373E-05   10    5   10    4
    0.11591605305E-03   10    5   10    5
   -0.17184596621E-04   10    6    1    1
   -0.38573875845E-03   10    6    2    1
    0.89844012135E-04   10    6    2    2
   -0.29286824682E-03   10    6    3    1
   -0.47646289334E-04   10    6    3    2
   -0.36309988241E-04   10    6    3    3
   -0.13537002881E-03   10    6    4    1
   -0.12704264555E-03   10    6    4    2
    0.19863353057E-03   10    6    4    3
   -0.73725639429E-04   10    6    4    4
    0.42583825510E-05   10    6    5    1
    0.13229063945E-03   10    6    5    2
    0.45840456318E-04   10    6    5    3
   -0.29028764277E-03   10    6    5    4
   -0.15385923116E-05   10    6    5    5
   -0.36052257959E-05   10    6    6    1
   -0.21954998803E-03   10    6    6    2
   -0.14237819678E-03   10    6    6    3
    0.67014498387E-04   10    6    6    4
   -0.40825897220E-08   10    6    6    5
   -0.35593901280E-04   10    6    6    6
   -0.99203481278E-06   10    6    7    1
   -0.27425457146E-04   10    6    7    2
    0.10873326154E-04   10    6    7    3
    0.19762300758E-03   10    6    7    4
   -0.14052836605E-05   10    6    7    5
   -0.79688107047E-06   10    6    7    6
   -0.29644103053E-04   10    6    7    7
    0.33451372941E-04   10    6    8    1
   -0.33773371040E-04   10    6    8    2
    0.19969117304E-04   10    6    8    3
   -0.18042700150E-03   10    6    8    4
    0.12188026275E-03   10    6    8    5
   -0.40853331853E-02   10    6    8    6
   -0.35688351924E-02   10    6    8    7
   -0.13298267015E-01   10    6    8    8
    0.31624441176E-04   10    6    9    1
   -0.33182813712E-04   10    6    9    2
    0.73605319582E-04   10    6    9    3
    0.16539443244E-03   10    6    9    4
    0.12007027351E-03   10    6    9    5
   -0.40903999456E-02   10    6    9    6
   -0.37619340604E-02   10    6    9    7
   -0.27174747599E-03   10    6    9    8
    0.13234937755E-01   10    6    9    9
    0.51263138101E-04   10    6   10    1
   -0.21436038573E-05   10    6   10    2
   -0.29446717860E-06   10    6   10    3
   -0.10468788158E-05   10    6   10    4
    0.10949719348E-03   10    6   10    5
    0.30631341508E-01   10    6   10    6
   -0.18146020678E-04   10    7    1    1
    0.16829007660E-03   10    7    2    1
    0.35390487052E-04   10    7    2    2
    0.11113561566E-03   10    7    3    1
   -0.12350267810E-04   10    7    3    2
   -0.11402320157E-03   10    7    3    3
   -0.41085649034E-04   10    7    4    1
    0.77271845268E-04   10    7    4    2
   -0.95131575259E-04   10    7    4    3
    0.93828961026E-05   10    7    4    4
   -0.16763205491E-05   10    7    5    1
   -0.12768687600E-03   10    7    5    2
   -0.64737057816E-04   10    7    5    3
    0.16824908503E-03   10    7    5    4
   -0.26661168915E-04   10    7    5    5
    0.67055784622E-06   10    7    6    1
   -0.10288789892E-04   10    7    6    2
   -0.23136866231E-04   10    7    6    3
   -0.11157971914E-03   10    7    6    4
    0.15313425596E-05   10    7    6    5
   -0.19386414550E-04   10    7    6    6
   -0.38869877868E-05   10    7    7    1
   -0.28835869030E-03   10    7    7    2
   -0.20352105635E-03   10    7    7    3
   -0.28080679178E-04   10    7    7    4
    0.16851157860E-05   10    7    7    5
   -0.30814737523E-05   10    7    7    6
   -0.19722575132E-04   10    7    7    7
   -0.78738477533E-04   10    7    8    1
    0.61013223104E-04   10    7    8    2
    0.47473329734E-04   10    7    8    3
    0.90762068538E-04   10    7    8    4
   -0.23712701792E-04   10    7    8    5
   -0.49315140614E-02   10    7    8    6
    0.35962397258E-02   10    7    8    7
    0.85684099473E-02   10    7    8    8
   -0.81775524925E-04   10    7    9    1
   -0.49147969630E-04   10    7    9    2
   -0.57906184372E-04   10    7    9    3
   -0.89809653326E-04   10    7    9    4
   -0.25481189583E-04   10    7    9    5
   -0.51280444811E-02   10    7    9    6
    0.35645396536E-02   10    7    9    7
    0.30374801778E-04   10    7    9    8
   -0.86020163282E-02   10    7    9    9
    0.44529057098E-04   10    7   10    1
    0.11264706841E-03   10    7   10    2
   -0.16379817619E-03   10    7   10    3
    0.26554052763E-04   10    7   10    4
    0.13313074713E-03   10    7   10    5
   -0.54745930792E-02   10    7   10    6
    0.28126640403E-01   10    7   10    7
    0.20049477701E-05   10    8    1    1
    0.59165421103E-04   10    8    2    1
   -0.10825517214E-03   10    8    2    2
    0.43697707122E-04   10    8    3    1
    0.44693981865E-05   10    8    3    2
    0.64555355855E-04   10    8    3    3
    0.85621461763E-04   10    8    4    1
   -0.63943868208E-04   10    8    4    2
   -0.69453803960E-04   10    8    4    3
    0.69644177932E-04   10    8    4    4
   -0.10292855174E-04   10    8    5    1
    0.21320643273E-05   10    8    5    2
    0.57446838307E-04   10    8    5    3
    0.24425848807E-04   10    8    5    4
   -0.21184231693E-04   10    8    5    5
    0.60717023982E-04   10    8    6    1
    0.32861978445E-04   10    8    6    2
   -0.11108925826E-04   10    8    6    3
    0.15704441348E-03   10    8    6    4
    0.12429310831E-03   10    8    6    5
    0.64045061769E-02   10    8    6    6
    0.65450657226E-04   10    8    7    1
    0.61712271546E-04   10    8    7    2
    0.38521400881E-04   10    8    7    3
   -0.82062164773E-04   10    8    7    4
   -0.13765904965E-03   10    8    7    5
    0.82201364961E-02   10    8    7    6
   -0.83109056342E-02   10    8    7    7
    0.71026524651E-04   10    8    8    1
   -0.33496877868E-03   10    8    8    2
   -0.27327393896E-03   10    8    8    3
   -0.15494829114E-04   10    8    8    4
   -0.10703964680E-03   10    8    8    5
    0.64512541655E-02   10    8    8    6
   -0.42185899331E-02   10    8    8    7
   -0.11637690757E-02   10    8    8    8
    0.50989037680E-04   10    8    9    1
    0.63880833895E-04   10    8    9    2
    0.33649614428E-04   10    8    9    3
   -0.50171982272E-04   10    8    9    4
    0.30084721690E-04   10    8    9    5
    0.79541237814E-02   10    8    9    6
    0.20409429478E-02   10    8    9    7
    0.42470195519E-03   10    8    9    8
   -0.16468186261E-02   10    8    9    9
    0.20456078293E-04   10    8   10    1
   -0.23826044753E-04   10    8   10    2
    0.28955448023E-03   10    8   10    3
    0.25542158188E-03   10    8   10    4
    0.40647982323E-04   10    8   10    5
   -0.24231765059E-02   10    8   10    6
   -0.56195352855E-02   10    8   10    7
    0.31741740167E-01   10    8   10    8
    0.63176964269E-05   10    9    1    1
   -0.45518752869E-04   10    9    2    1
    0.76820740482E-04   10    9    2    2
   -0.58448123079E-04   10    9    3    1
   -0.61196721703E-04   10    9    3    2
   -0.93014849765E-04   10    9    3    3
   -0.83819429296E-04   10    9    4    1
   -0.76972638872E-04   10    9    4    2
   -0.14152479364E-04   10    9    4    3
    0.59321951470E-04   10    9    4    4
   -0.82543481050E-05   10    9    5    1
   -0.48081677115E-04   10    9    5    2
    0.11261686373E-04   10    9    5    3
   -0.34160133560E-04   10    9    5    4
   -0.12687966399E-04   10    9    5    5
    0.59531325257E-04   10    9    6    1
    0.20167297165E-04   10    9    6    2
   -0.65755274701E-04   10    9    6    3
   -0.13977984149E-03   10    9    6    4
    0.13205182548E-03   10    9    6    5
    0.61597147903E-02   10    9    6    6
    0.66421569109E-04   10    9    7    1
   -0.69176612748E-04   10    9    7    2
   -0.28364784599E-04   10    9    7    3
    0.76813466961E-04   10    9    7    4
   -0.14078780600E-03   10    9    7    5
    0.85987201913E-02   10    9    7    6
   -0.84970423705E-02   10    9    7    7
   -0.46309901597E-04   10    9    8    1
    0.62323904446E-04   10    9    8    2
    0.36734792910E-04   10    9    8    3
   -0.52857645071E-04   10    9    8    4
   -0.34559115914E-04   10    9    8    5
   -0.76906244505E-02   10    9    8    6
   -0.20731090065E-02   10    9    8    7
   -0.18837400893E-02   10    9    8    8
   -0.81097951459E-04   10    9    9    1
   -0.36659821147E-03   10    9    9    2
   -0.21973618012E-03   10    9    9    3
   -0.23583139287E-04   10    9    9    4
    0.10967826474E-03   10    9    9    5
   -0.64527513621E-02   10    9    9    6
    0.42169663558E-02   10    9    9    7
    0.40277374123E-03   10    9    9    8
   -0.14073748629E-02   10    9    9    9
   -0.19023045829E-04   10    9   10    1
    0.22439031011E-03   10    9   10    2
   -0.60742428628E-04   10    9   10    3
    0.31206308492E-03   10    9   10    4
   -0.47572043662E-04   10    9   10    5
    0.22351521830E-02   10    9   10    6
    0.55394825665E-02   10    9   10    7
   -0.52491955214E-03   10    9   10    8
    0.31725070362E-01   10    9   10    9
    0.19653085193       10   10    1    1
   -0.48530720352E-03   10   10    2    1
    0.19470183519       10   10    2    2
    0.65899648227E-03   10   10    3    1
    0.17910602049E-03   10   10    3    2
    0.19466500192       10   10    3    3
   -0.84101596314E-04   10   10    4    1
    0.11742471515E-03   10   10    4    2
    0.58704999301E-03   10   10    4    3
    0.19755888413       10   10    4    4
    0.11844541247E-02   10   10    5    1
   -0.18836753649E-02   10   10    5    2
    0.26507587136E-02   10   10    5    3
   -0.36768926666E-03   10   10    5    4
    0.19949223562       10   10    5    5
    0.58141606512E-02   10   10    6    1
    0.29979671810E-03   10   10    6    2
   -0.55450896663E-03   10   10    6    3
    0.11148598903E-03   10   10    6    4
    0.10876774390E-02   10   10    6    5
    0.82208554745       10   10    6    6
    0.59426947905E-03   10   10    7    1
    0.21127058476E-02   10   10    7    2
   -0.30320576243E-02   10   10    7    3
    0.51528256015E-03   10   10    7    4
    0.58116984294E-02   10   10    7    5
    0.10753574795E-01   10   10    7    6
    0.82094262581       10   10    7    7
    0.41863557244E-03   10   10    8    1
   -0.14289513705E-02   10   10    8    2
    0.44743295656E-02   10   10    8    3
    0.36512828190E-02   10   10    8    4
    0.29310552314E-02   10   10    8    5
    0.56064279451E-02   10   10    8    6
    0.11909262762E-01   10   10    8    7
    0.78859018357       10   10    8    8
   -0.40920330692E-03   10   10    9    1
    0.30674795250E-02   10   10    9    2
   -0.20101912147E-02   10   10    9    3
    0.46167085929E-02   10   10    9    4
   -0.29732519201E-02   10   10    9    5
   -0.51971409571E-02   10   10    9    6
   -0.11778750949E-01   10   10    9    7
   -0.85613270915E-02   10   10    9    8
    0.78823719367       10   10    9    9
   -0.10620836222E-03   10   10   10    1
   -0.77744239271E-02   10   10   10    2
   -0.53641599110E-02   10   10   10    3
    0.23589638909E-03   10   10   10    4
    0.16429488595E-04   10   10   10    5
   -0.32948022207E-04   10   10   10    6
   -0.20032675560E-04   10   10   10    7
   -0.15902090384E-02   10   10   10    8
   -0.18464161379E-02   10   10   10    9
    0.83766647862       10   10   10   10
    -4.8214036350        1    1    0    0
    0.67427358669E-02    2    1    0    0
    -4.6361043639        2    2    0    0
   -0.53913026190E-02    3    1    0    0
    0.42012833843E-01    3    2    0    0
    -4.6709692054        3    3    0    0
   -0.46156901574E-05    4    1    0    0
   -0.18043209841E-01    4    2    0    0
   -0.58952273241E-02    4    3    0    0
    -4.6518340758        4    4    0    0
   -0.10027477781E-01    5    1    0    0
    0.11902071727E-01    5    2    0    0
   -0.16245339368E-01    5    3    0    0
    0.67357832161E-03    5    4    0    0
    -4.8116526313        5    5    0    0
   -0.74116354173E-01    6    1    0    0
   -0.60549186035E-02    6    2    0    0
    0.10211137765E-01    6    3    0    0
   -0.16722188494E-02    6    4    0    0
    0.24426430644E-02    6    5    0    0
    -4.8232202729        6    6    0    0
    0.54525034712E-02    7    1    0    0
   -0.36304265355E-01    7    2    0    0
    0.51745530424E-01    7    3    0    0
   -0.81157899511E-02    7    4    0    0
   -0.37496599153E-01    7    5    0    0
   -0.10841660898E-01    7    6    0    0
    -4.8134127034        7    7    0    0
   -0.52815743672E-02    8    1    0    0
    0.24131112559E-01    8    2    0    0
   -0.59914323561E-01    8    3    0    0
   -0.58040727732E-01    8    4    0    0
   -0.41565366413E-01    8    5    0    0
   -0.14893783206E-02    8    6    0    0
    0.40201751050E-02    8    7    0    0
    -4.6762737931        8    8    0    0
    0.53447946803E-02    9    1    0    0
   -0.38116825016E-01    9    2    0    0
    0.29638743057E-01    9    3    0    0
   -0.71551919996E-01    9    4    0    0
    0.42232306028E-01    9    5    0    0
    0.13758422615E-02    9    6    0    0
   -0.37563193242E-02    9    7    0    0
    0.20277717286E-01    9    8    0    0
    -4.6753863866        9    9    0    0
    0.10741063273E-02   10    1    0    0
    0.77787335500E-01   10    2    0    0
    0.52867181137E-01   10    3    0    0
   -0.67768776542E-02   10    4    0    0
   -0.25545150054E-03   10    5    0    0
    0.18607554095E-03   10    6    0    0
    0.18729488668E-03   10    7    0    0
    0.75030318259E-02   10    8    0    0
    0.85313185867E-02   10    9    0    0
    -4.6037477898       10   10    0    0
   -0.40276000000        1    0    0    0
   -0.40062000000        2    0    0    0
   -0.39999000000        3    0    0    0
   -0.39325000000        4    0    0    0
   -0.38771000000        5    0    0    0
   -0.37415000000        6    0    0    0
   -0.36361000000        7    0    0    0
   -0.35532000000        8    0    0    0
   -0.35256000000        9    0    0    0
   -0.34970000000       10    0    0    0
    -5066.2985874        0    0    0    0
