-2.300284055267704275e+02
-2.300202043353295380e+02
-2.300070697552365857e+02
-2.300298391342920752e+02
-2.300202043353235126e+02
-2.296120895617284532e+02
-2.297293050496068076e+02
-2.297174037602340491e+02
-2.296079889961818878e+02
-2.297174038212566813e+02
-2.295811640236525477e+02
-2.297294053174868793e+02
-2.296120893686071724e+02
-2.296120895180388288e+02
-2.296079889127608453e+02
-2.295889646759954132e+02
-2.297293051798172883e+02
-2.297293051853235113e+02
-2.295931653408185014e+02
-2.296059386827139690e+02
-2.296141398741608839e+02
-2.297293049920575072e+02
-2.297293050552962086e+02
-2.295889646720314374e+02
-2.296079888030666325e+02
-2.296079889144862705e+02
-2.297174039535117060e+02
-2.296141396807117019e+02
-2.296059384892647870e+02
-2.297173038230870930e+02
-2.297174039479938301e+02
-2.297173038175804152e+02
-2.296079889144093329e+02
-2.297174038173027952e+02
-2.297293050513419246e+02
-2.296120895179679451e+02
-2.297294053119858859e+02
-2.295931654170171328e+02
-2.296059386841186836e+02
-2.296141398755595731e+02
-2.297294051169207876e+02
-2.295931653337015916e+02
-2.296120893668517624e+02
-2.297173036225210012e+02
-2.295769632737556094e+02
-2.296079888013051971e+02
-2.297174037546710395e+02
-2.297293049864828447e+02
-2.296120895163134037e+02
-2.296120895603309293e+02
-2.295811640276165235e+02
-2.297174038155672804e+02
-2.295769632808725191e+02
-2.296079889947903894e+02
-2.295769632788253887e+02
-2.296120895162235627e+02
-2.297174038195223886e+02
-2.296059384874976104e+02
-2.297293050535615180e+02
-2.295769632827704072e+02
-2.297173036280762517e+02
-2.297294051224817224e+02
-2.295931654209621513e+02
-2.296141396789384999e+02
-2.296079889126649505e+02
-2.289191933575955034e+02
-2.290533826873580949e+02
-2.291746989423959917e+02
-2.290533826427104600e+02
-2.293340636416505163e+02
-2.291746990969671174e+02
-2.291746989013378766e+02
-2.295146446195251997e+02
-2.289191931387309751e+02
-2.289191933575765745e+02
-2.290533826890219871e+02
-2.294553798608850457e+02
-2.295146447163148196e+02
-2.293340634643934379e+02
-2.290533828816819835e+02
-2.290533826395486869e+02
-2.295146446091606833e+02
-2.290533828824901263e+02
-2.294805551104704193e+02
-2.291746989101259260e+02
-2.293340634476355149e+02
-2.291746991023810835e+02
-2.290533826899771270e+02
-2.291746989083688391e+02
-2.293340636401732127e+02
-2.293804551225489377e+02
-2.295146448041476219e+02
-2.293804552173063485e+02
-2.291746987485577165e+02
-2.295146448128770658e+02
-2.294553798554578634e+02
-2.294805548729369775e+02
-2.291746989091883790e+02
-2.295146447273879744e+02
-2.290533828831748338e+02
-2.293340638527247961e+02
-2.291746989035593458e+02
-2.291746991032091216e+02
-2.294553798583211517e+02
-2.291746989415962332e+02
-2.294553799593271322e+02
-2.291746989029963117e+02
-2.289191931419804007e+02
-2.293804552172376248e+02
-2.295146447291211587e+02
-2.294553795712190833e+02
-2.294553796612248959e+02
-2.294805547204001925e+02
-2.291746989012646338e+02
-2.291746987476207096e+02
-2.294553796585745715e+02
-2.291746990977739813e+02
-2.291746987497388659e+02
-2.294553796668648999e+02
-2.293340636391005773e+02
-2.294805551087673905e+02
-2.291746989084698782e+02
-2.289191931388085379e+02
-2.290533826378131437e+02
-2.294553799635089320e+02
-2.293804552283185387e+02
-2.295146448136907793e+02
-2.293340634433040179e+02
-2.291746989101802399e+02
-2.290533826409761957e+02
-2.290533828839602677e+02
-2.293340638527193391e+02
-2.293340634449796767e+02
-2.295146448033399622e+02
-2.294553795749462779e+02
-2.291746987506645610e+02
-2.291746989030783936e+02
-2.289191931418839374e+02
-2.293340634459493401e+02
-2.293804551304579320e+02
-2.295146446186074343e+02
-2.291746989442265203e+02
-2.294553796642283032e+02
-2.293340636376148893e+02
-2.294805548694671700e+02
-2.294805547221669713e+02
-2.290533826882791857e+02
-2.293340634643799660e+02
-2.295146446100913806e+02
-2.294553798528992274e+02
-2.291746989026240442e+02
-2.293804552283682767e+02
-2.291746989082887467e+02
-2.295146447180514713e+02
-2.291746989450338674e+02
-2.290411138675876543e+02
-2.290411139561938683e+02
-2.294022762882613620e+02
-2.284797524479353115e+02
-2.290411142540339142e+02
-2.284797524479820083e+02
-2.290411142597679657e+02
-2.284797521304648171e+02
-2.290411142556589255e+02
-2.290411139633084190e+02
-2.290411139527216733e+02
-2.290411138695526176e+02
-2.284797521312569017e+02
-2.290411138657337347e+02
-2.284797524408461697e+02
-2.290411138713785135e+02
-2.290411139598409704e+02
-2.290411142581331490e+02
-2.294022763032872945e+02
-2.284797524408373022e+02
