*----------------------------------------------------------------------
* Basis Set Exchange
* Version v0.8.13
* https://www.basissetexchange.org
*----------------------------------------------------------------------
*   Basis set: cc-pVTZ-RIFIT
* Description: RI Fitting basis for use with cc-pVTZ
*        Role: rifit
*     Version: 1  (Data from Turbomole 7.3)
*----------------------------------------------------------------------

/H.CC-PVTZ..4s3p2d1f.4s3p2d1f.
aa
H  (4s3p2d1f) -> [4s3p2d1f]

      1.00   3
* S-type functions
     4    4
               8.5128275910
               1.8730891166
               0.52618426941
               0.28973989936
      1.0000000              0.00000000             0.00000000             0.00000000
      0.00000000             1.0000000              0.00000000             0.00000000
      0.00000000             0.00000000             1.0000000              0.00000000
      0.00000000             0.00000000             0.00000000             1.0000000
* P-type functions
     3    3
               2.3725491635
               1.1804084468
               0.60382204241
      1.0000000              0.00000000             0.00000000
      0.00000000             1.0000000              0.00000000
      0.00000000             0.00000000             1.0000000
* D-type functions
     2    2
               1.8096373189
               1.1439726055
      1.0000000              0.00000000
      0.00000000             1.0000000
* F-type functions
     1    1
               1.8063060576
      1.0000000

/C.CC-PVTZ..8s6p5d3f1g.8s6p5d3f1g.
aa
C  (8s6p5d3f1g) -> [8s6p5d3f1g]

      6.00   4
* S-type functions
     8    8
             280.55661188
              60.230247191
              22.116650824
               6.8620932896
               1.5622549539
               0.91245045495
               0.50274917044
               0.21582348749
      1.0000000              0.00000000             0.00000000             0.00000000             0.00000000             0.00000000             0.00000000             0.00000000
      0.00000000             1.0000000              0.00000000             0.00000000             0.00000000             0.00000000             0.00000000             0.00000000
      0.00000000             0.00000000             1.0000000              0.00000000             0.00000000             0.00000000             0.00000000             0.00000000
      0.00000000             0.00000000             0.00000000             1.0000000              0.00000000             0.00000000             0.00000000             0.00000000
      0.00000000             0.00000000             0.00000000             0.00000000             1.0000000              0.00000000             0.00000000             0.00000000
      0.00000000             0.00000000             0.00000000             0.00000000             0.00000000             1.0000000              0.00000000             0.00000000
      0.00000000             0.00000000             0.00000000             0.00000000             0.00000000             0.00000000             1.0000000              0.00000000
      0.00000000             0.00000000             0.00000000             0.00000000             0.00000000             0.00000000             0.00000000             1.0000000
* P-type functions
     6    6
              24.231865176
               6.4764514185
               2.1290884677
               1.0375639746
               0.54941275046
               0.28152652231
      1.0000000              0.00000000             0.00000000             0.00000000             0.00000000             0.00000000
      0.00000000             1.0000000              0.00000000             0.00000000             0.00000000             0.00000000
      0.00000000             0.00000000             1.0000000              0.00000000             0.00000000             0.00000000
      0.00000000             0.00000000             0.00000000             1.0000000              0.00000000             0.00000000
      0.00000000             0.00000000             0.00000000             0.00000000             1.0000000              0.00000000
      0.00000000             0.00000000             0.00000000             0.00000000             0.00000000             1.0000000
* D-type functions
     5    5
               9.7189810815
               3.0351475003
               1.4677737562
               0.57370827909
               0.29055589668
      1.0000000              0.00000000             0.00000000             0.00000000             0.00000000
      0.00000000             1.0000000              0.00000000             0.00000000             0.00000000
      0.00000000             0.00000000             1.0000000              0.00000000             0.00000000
      0.00000000             0.00000000             0.00000000             1.0000000              0.00000000
      0.00000000             0.00000000             0.00000000             0.00000000             1.0000000
* F-type functions
     3    3
               2.2756201303
               1.1968898852
               0.54157487216
      1.0000000              0.00000000             0.00000000
      0.00000000             1.0000000              0.00000000
      0.00000000             0.00000000             1.0000000
* G-type functions
     1    1
               1.2166101638
      1.0000000

/N.CC-PVTZ..8s6p5d3f1g.8s6p5d3f1g.
aa
N  (8s6p5d3f1g) -> [8s6p5d3f1g]

      7.00   4
* S-type functions
     8    8
             287.50926947
              64.276030898
              21.681924016
               7.9068743193
               2.4319673913
               1.2226681474
               0.76674827356
               0.31158846994
      1.0000000              0.00000000             0.00000000             0.00000000             0.00000000             0.00000000             0.00000000             0.00000000
      0.00000000             1.0000000              0.00000000             0.00000000             0.00000000             0.00000000             0.00000000             0.00000000
      0.00000000             0.00000000             1.0000000              0.00000000             0.00000000             0.00000000             0.00000000             0.00000000
      0.00000000             0.00000000             0.00000000             1.0000000              0.00000000             0.00000000             0.00000000             0.00000000
      0.00000000             0.00000000             0.00000000             0.00000000             1.0000000              0.00000000             0.00000000             0.00000000
      0.00000000             0.00000000             0.00000000             0.00000000             0.00000000             1.0000000              0.00000000             0.00000000
      0.00000000             0.00000000             0.00000000             0.00000000             0.00000000             0.00000000             1.0000000              0.00000000
      0.00000000             0.00000000             0.00000000             0.00000000             0.00000000             0.00000000             0.00000000             1.0000000
* P-type functions
     6    6
              34.965027371
              10.323896648
               2.8981582643
               1.4077404555
               0.85083386536
               0.37353274145
      1.0000000              0.00000000             0.00000000             0.00000000             0.00000000             0.00000000
      0.00000000             1.0000000              0.00000000             0.00000000             0.00000000             0.00000000
      0.00000000             0.00000000             1.0000000              0.00000000             0.00000000             0.00000000
      0.00000000             0.00000000             0.00000000             1.0000000              0.00000000             0.00000000
      0.00000000             0.00000000             0.00000000             0.00000000             1.0000000              0.00000000
      0.00000000             0.00000000             0.00000000             0.00000000             0.00000000             1.0000000
* D-type functions
     5    5
              13.908637089
               4.5847232531
               2.2101848651
               0.83768301209
               0.41948375608
      1.0000000              0.00000000             0.00000000             0.00000000             0.00000000
      0.00000000             1.0000000              0.00000000             0.00000000             0.00000000
      0.00000000             0.00000000             1.0000000              0.00000000             0.00000000
      0.00000000             0.00000000             0.00000000             1.0000000              0.00000000
      0.00000000             0.00000000             0.00000000             0.00000000             1.0000000
* F-type functions
     3    3
               3.4730665788
               1.5589463548
               0.84677638239
      1.0000000              0.00000000             0.00000000
      0.00000000             1.0000000              0.00000000
      0.00000000             0.00000000             1.0000000
* G-type functions
     1    1
               1.7764066281
      1.0000000

/O.CC-PVTZ..8s6p5d3f1g.8s6p5d3f1g.
aa
O  (8s6p5d3f1g) -> [8s6p5d3f1g]

      8.00   4
* S-type functions
     8    8
             366.54531503
              76.693314858
              24.573835091
               8.4165585072
               3.0202080356
               1.3331563617
               0.81250658727
               0.36505253662
      1.0000000              0.00000000             0.00000000             0.00000000             0.00000000             0.00000000             0.00000000             0.00000000
      0.00000000             1.0000000              0.00000000             0.00000000             0.00000000             0.00000000             0.00000000             0.00000000
      0.00000000             0.00000000             1.0000000              0.00000000             0.00000000             0.00000000             0.00000000             0.00000000
      0.00000000             0.00000000             0.00000000             1.0000000              0.00000000             0.00000000             0.00000000             0.00000000
      0.00000000             0.00000000             0.00000000             0.00000000             1.0000000              0.00000000             0.00000000             0.00000000
      0.00000000             0.00000000             0.00000000             0.00000000             0.00000000             1.0000000              0.00000000             0.00000000
      0.00000000             0.00000000             0.00000000             0.00000000             0.00000000             0.00000000             1.0000000              0.00000000
      0.00000000             0.00000000             0.00000000             0.00000000             0.00000000             0.00000000             0.00000000             1.0000000
* P-type functions
     6    6
              52.854386423
              15.021795824
               3.9137719482
               2.1678840611
               0.97419243984
               0.51845615412
      1.0000000              0.00000000             0.00000000             0.00000000             0.00000000             0.00000000
      0.00000000             1.0000000              0.00000000             0.00000000             0.00000000             0.00000000
      0.00000000             0.00000000             1.0000000              0.00000000             0.00000000             0.00000000
      0.00000000             0.00000000             0.00000000             1.0000000              0.00000000             0.00000000
      0.00000000             0.00000000             0.00000000             0.00000000             1.0000000              0.00000000
      0.00000000             0.00000000             0.00000000             0.00000000             0.00000000             1.0000000
* D-type functions
     5    5
              15.907733132
               5.3799329215
               2.9552623921
               1.1624458997
               0.50353399421
      1.0000000              0.00000000             0.00000000             0.00000000             0.00000000
      0.00000000             1.0000000              0.00000000             0.00000000             0.00000000
      0.00000000             0.00000000             1.0000000              0.00000000             0.00000000
      0.00000000             0.00000000             0.00000000             1.0000000              0.00000000
      0.00000000             0.00000000             0.00000000             0.00000000             1.0000000
* F-type functions
     3    3
               4.6873846701
               2.1512789489
               1.0894068169
      1.0000000              0.00000000             0.00000000
      0.00000000             1.0000000              0.00000000
      0.00000000             0.00000000             1.0000000
* G-type functions
     1    1
               2.3270964878
      1.0000000
