*----------------------------------------------------------------------
* Basis Set Exchange
* Version v0.8.13
* https://www.basissetexchange.org
*----------------------------------------------------------------------
*   Basis set: cc-pVDZ-RIFIT
* Description: RI Fitting basis for use with cc-pVDZ
*        Role: rifit
*     Version: 1  (Data from Turbomole 7.3)
*----------------------------------------------------------------------


/H.CC-PVDZ..3s2p1d.3s2p1d.
aa
H (3s2p1d) -> [3s2p1d]

      1.00   2
* S-type functions
     3    3
               5.11588952
               1.14296528
               0.29166153
      1.0000000              0.00000000             0.00000000
      0.00000000             1.0000000              0.00000000
      0.00000000             0.00000000             1.0000000
* P-type functions
     2    2
               1.91496403
               0.98640124
      1.0000000              0.00000000
      0.00000000             1.0000000
* D-type functions
     1    1
               1.17208347
      1.0000000

/C.CC-PVDZ..7s5p4d2f.7s5p4d2f.
aa
C (7s5p4d2f) -> [7s5p4d2f]

      6.00   3
* S-type functions
     7    7
              62.7453
              13.8045
               4.77277
               1.51333
               0.782697
               0.409072
               0.206796
      1.0000000              0.00000000             0.00000000             0.00000000             0.00000000             0.00000000             0.00000000
      0.00000000             1.0000000              0.00000000             0.00000000             0.00000000             0.00000000             0.00000000
      0.00000000             0.00000000             1.0000000              0.00000000             0.00000000             0.00000000             0.00000000
      0.00000000             0.00000000             0.00000000             1.0000000              0.00000000             0.00000000             0.00000000
      0.00000000             0.00000000             0.00000000             0.00000000             1.0000000              0.00000000             0.00000000
      0.00000000             0.00000000             0.00000000             0.00000000             0.00000000             1.0000000              0.00000000
      0.00000000             0.00000000             0.00000000             0.00000000             0.00000000             0.00000000             1.0000000
* P-type functions
     5    5
              20.8851
               6.00523
               1.7206
               0.754465
               0.321667
      1.0000000              0.00000000             0.00000000             0.00000000             0.00000000
      0.00000000             1.0000000              0.00000000             0.00000000             0.00000000
      0.00000000             0.00000000             1.0000000              0.00000000             0.00000000
      0.00000000             0.00000000             0.00000000             1.0000000              0.00000000
      0.00000000             0.00000000             0.00000000             0.00000000             1.0000000
* D-type functions
     4    4
              10.1715
               2.67844
               0.922515
               0.340842
      1.0000000              0.00000000             0.00000000             0.00000000
      0.00000000             1.0000000              0.00000000             0.00000000
      0.00000000             0.00000000             1.0000000              0.00000000
      0.00000000             0.00000000             0.00000000             1.0000000
* F-type functions
     2    2
               2.74293
               0.895756
      1.0000000              0.00000000
      0.00000000             1.0000000

/N.CC-PVDZ..7s5p4d2f.7s5p4d2f.
aa
N (7s5p4d2f) -> [7s5p4d2f]

      7.00   3
* S-type functions
     7    7
              87.6864
              20.4679
               7.62436
               2.34426
               1.12324
               0.723539
               0.327261
      1.0000000              0.00000000             0.00000000             0.00000000             0.00000000             0.00000000             0.00000000
      0.00000000             1.0000000              0.00000000             0.00000000             0.00000000             0.00000000             0.00000000
      0.00000000             0.00000000             1.0000000              0.00000000             0.00000000             0.00000000             0.00000000
      0.00000000             0.00000000             0.00000000             1.0000000              0.00000000             0.00000000             0.00000000
      0.00000000             0.00000000             0.00000000             0.00000000             1.0000000              0.00000000             0.00000000
      0.00000000             0.00000000             0.00000000             0.00000000             0.00000000             1.0000000              0.00000000
      0.00000000             0.00000000             0.00000000             0.00000000             0.00000000             0.00000000             1.0000000
* P-type functions
     5    5
              29.2373
               8.55299
               2.53364
               1.09461
               0.461104
      1.0000000              0.00000000             0.00000000             0.00000000             0.00000000
      0.00000000             1.0000000              0.00000000             0.00000000             0.00000000
      0.00000000             0.00000000             1.0000000              0.00000000             0.00000000
      0.00000000             0.00000000             0.00000000             1.0000000              0.00000000
      0.00000000             0.00000000             0.00000000             0.00000000             1.0000000
* D-type functions
     4    4
              12.3278
               3.42816
               1.28537
               0.47785
      1.0000000              0.00000000             0.00000000             0.00000000
      0.00000000             1.0000000              0.00000000             0.00000000
      0.00000000             0.00000000             1.0000000              0.00000000
      0.00000000             0.00000000             0.00000000             1.0000000
* F-type functions
     2    2
               3.40118
               1.33473
      1.0000000              0.00000000
      0.00000000             1.0000000
End of basis set

/O.CC-PVDZ..7s5p4d2f.7s5p4d2f.
aa
O (7s5p4d2f) -> [7s5p4d2f]

      8.00   3
* S-type functions
     7    7
             109.461
              25.5780
               9.55148
               2.93960
               1.39638
                .905061
                .421376
      1.0000000              0.00000000             0.00000000             0.00000000             0.00000000             0.00000000             0.00000000
      0.00000000             1.0000000              0.00000000             0.00000000             0.00000000             0.00000000             0.00000000
      0.00000000             0.00000000             1.0000000              0.00000000             0.00000000             0.00000000             0.00000000
      0.00000000             0.00000000             0.00000000             1.0000000              0.00000000             0.00000000             0.00000000
      0.00000000             0.00000000             0.00000000             0.00000000             1.0000000              0.00000000             0.00000000
      0.00000000             0.00000000             0.00000000             0.00000000             0.00000000             1.0000000              0.00000000
      0.00000000             0.00000000             0.00000000             0.00000000             0.00000000             0.00000000             1.0000000
* P-type functions
     5    5
              36.1292
              10.8817
               3.20594
               1.40387
                .612763
      1.0000000              0.00000000             0.00000000             0.00000000             0.00000000
      0.00000000             1.0000000              0.00000000             0.00000000             0.00000000
      0.00000000             0.00000000             1.0000000              0.00000000             0.00000000
      0.00000000             0.00000000             0.00000000             1.0000000              0.00000000
      0.00000000             0.00000000             0.00000000             0.00000000             1.0000000
* D-type functions
     4    4
              15.2511
               4.52087
               1.81221
                .592201
      1.0000000              0.00000000             0.00000000             0.00000000
      0.00000000             1.0000000              0.00000000             0.00000000
      0.00000000             0.00000000             1.0000000              0.00000000
      0.00000000             0.00000000             0.00000000             1.0000000
* F-type functions
     2    2
               4.22194
               1.79021
      1.0000000              0.00000000
      0.00000000             1.0000000
End of basis set
